Muestra -- Media -- Varianza
27.7985	21.65883	23.20166	23.58028	28.51825	30.71007	26.55862	23.76699	27.22817	25.6780325.869947.892629
25.26995	24.63503	23.50613	25.83727	23.24829	26.14965	21.66487	18.81956	23.42482	25.9976323.855325.247045
26.99029	29.59024	27.79169	22.02333	23.67249	29.49772	24.37994	23.76312	28.91406	24.9070626.152997.514033
24.06642	21.8204	28.21558	25.88199	26.59808	22.7853	26.57303	23.20703	25.34698	24.7963624.929123.928763
26.53385	26.36964	23.98025	25.65267	25.15947	29.16697	26.41904	26.77254	28.87328	23.5121726.243993.331113
21.12708	23.31364	27.7655	26.70801	20.97847	22.55569	25.9677	26.3103	27.0161	26.3599824.810256.529275
29.13235	22.27527	23.11812	23.98097	25.98482	22.20643	26.46524	26.36457	25.59355	24.7797624.990114.695897
23.24073	24.77145	24.97726	20.51351	22.49683	23.33674	26.73466	22.37704	30.57013	28.344124.736259.301255
24.16544	26.31164	26.23372	26.02373	24.8951	22.18281	22.52477	24.24561	23.47218	24.2040424.42592.144702
22.32631	25.38069	22.19039	23.09446	22.12613	24.32961	25.37536	24.70921	24.07033	24.91123.851351.714531
25.64773	23.15883	23.52655	29.51428	25.0639	22.88254	30.44851	27.97324	25.27852	27.2344726.072866.992627
24.2233	27.76065	19.00491	27.00854	28.47622	23.31666	24.39488	30.16678	23.10892	25.3577825.2818610.34322
26.77689	25.11367	27.04118	22.26548	23.2089	24.52856	21.07009	25.65724	25.34774	25.7481724.675793.750032
27.16321	20.57064	25.37188	22.29502	26.74226	27.38258	24.42853	25.23237	22.29717	22.4700324.395375.655203
26.51679	25.05257	25.78089	24.09785	23.16896	26.07767	25.50778	23.42447	25.20011	26.8107825.163791.559114
22.89733	23.99265	24.19078	23.34828	26.37576	25.3648	26.28197	27.14233	22.69926	25.4008624.76942.444459
25.93997	23.15366	24.36532	25.20931	23.83686	25.44123	24.61208	22.50338	25.13229	25.9919124.61861.357448
22.60868	25.27796	26.72805	26.0558	25.28436	22.84186	22.92371	23.46812	23.5685	24.9750324.373212.157081
23.70526	22.77994	26.51457	20.65742	27.62158	26.80678	24.84259	22.41353	26.50692	21.6824624.35315.966757
29.76791	23.32045	24.05765	27.66897	25.11624	24.4923	21.60232	19.81036	24.315	22.2648324.24168.2791
26.62871	26.49588	24.87376	26.25865	23.87168	22.56278	23.31731	28.56977	23.31241	22.4746324.836564.248516
21.31639	24.4015	26.07699	27.08149	24.16875	22.70124	23.8775	25.83602	26.00386	28.9544825.041824.886901
21.5489	24.85706	25.85334	25.53854	25.06043	24.3803	24.84663	25.64418	22.40757	21.6926824.182962.750942
27.15656	24.89673	22.59782	26.81854	24.26898	26.25232	22.21816	26.48897	22.77555	23.3017924.677543.621074
23.3345	23.90682	28.23672	27.81489	23.05173	27.05519	20.892	26.4648	23.8354	20.5381724.513027.589161
27.90818	24.81922	20.87668	21.54579	24.36749	25.27638	25.34749	24.16253	26.26732	28.6199324.91915.929631
24.51989	24.35692	22.83406	24.08636	24.64836	25.2559	28.00056	27.12774	26.93774	24.138225.190572.669362
24.23462	25.37914	24.16007	27.61337	26.88116	24.07866	22.95067	27.79871	19.24846	22.3603824.470526.881031
22.56692	22.28892	23.54095	21.96304	26.77008	22.25247	24.3656	26.6017	24.47961	23.7541223.858343.006768
23.8109	26.84618	27.64273	26.84101	21.42869	28.4385	27.3308	22.42234	24.71883	23.7906325.327065.813566
23.32308	27.84087	25.58592	27.18914	23.19902	26.6708	25.8606	26.89716	23.62931	24.9493525.514532.847463
23.96399	26.28212	25.79306	23.00268	26.60851	22.64263	26.85424	22.82184	26.61526	22.5970624.718143.472356
26.42105	20.83349	22.85168	22.43404	27.52257	26.33949	24.41717	28.19437	24.03542	25.0809224.813025.540804
27.0014	22.168	25.48351	29.36947	24.90285	27.2529	25.81759	25.09282	24.25899	21.013925.236145.88827
24.29987	26.38926	25.62101	25.00884	23.85586	25.19348	26.0866	28.31668	24.85812	24.3502325.397991.687986
28.71987	23.36603	25.40444	26.97883	23.67897	23.62572	28.36332	24.16797	26.44769	25.0075725.576043.889134
29.31482	27.23375	25.09586	22.4412	23.60793	23.12685	24.72488	24.93276	28.66392	22.7072225.184926.003316
26.32203	25.90395	30.01665	25.66264	27.35188	25.07722	26.15743	28.06247	24.65066	24.3420926.35472.958799
28.54297	24.10753	25.09583	26.22142	25.11575	26.28711	23.86292	23.70553	22.05873	24.5178624.951563.149878
26.85729	27.32191	27.18557	28.74198	22.45579	25.22485	27.65696	25.53297	21.94953	23.3207825.624765.523203
27.4844	22.47724	26.17058	22.38617	23.16579	27.46769	23.96344	24.64858	26.14186	28.3867725.229254.848794
25.66423	26.05253	24.54106	23.0816	27.05487	27.53427	20.60041	26.70836	24.39482	24.9087625.054094.30057
22.64477	25.67348	26.34493	22.69285	27.55805	23.1561	22.81464	30.32519	21.4295	25.7903524.842997.704
25.44023	28.0258	22.10679	26.11658	25.2341	27.43734	22.5786	26.11717	25.76734	24.8021525.362613.487378
27.84102	29.56089	25.07781	24.52367	23.56076	24.09243	23.90542	26.86135	21.8533	22.9151425.019185.656506
21.32474	28.37507	25.26747	21.47045	27.75004	26.07428	22.49329	20.18989	26.55459	29.8847924.9384611.31172
27.14231	24.91984	19.24248	21.23418	27.67991	27.023	26.45337	24.84916	25.11693	23.5773524.723857.401211
27.16848	24.14145	24.20108	27.65074	27.18185	24.37266	29.00933	29.07717	25.51089	22.766326.107994.881113
24.98564	20.96673	27.62968	25.38888	23.61551	26.55998	25.99369	25.66238	24.86296	25.12625.079143.231386
24.53873	25.96766	27.47822	24.40447	23.64139	28.54959	26.23757	27.59754	25.58733	28.1313326.213382.866311
26.63539	21.48073	24.92727	23.54126	27.05288	27.45868	27.35899	22.50216	27.14575	28.3138725.64175.636071
26.96212	22.37473	22.70547	25.86123	27.45763	23.93483	26.12986	24.44492	26.72551	22.9199924.951633.643132
24.81386	20.79779	29.1546	24.52116	25.5974	28.4492	24.68777	26.08403	26.14006	26.1795725.642545.25246
25.67667	25.00575	24.21781	23.89307	23.52819	22.47778	24.68581	25.12154	23.73645	27.444924.57881.859591
27.76671	22.96336	25.75219	22.61109	22.06114	28.69987	26.19912	25.03735	23.82081	21.7254624.663715.869186
24.9626	23.70969	26.28078	28.75853	22.2198	25.09452	25.5767	23.57642	22.98896	25.385624.855363.501623
26.17189	22.67067	26.80642	20.47924	27.19353	24.62264	24.69736	21.77785	26.31966	26.0332324.677255.299418
21.87552	24.87795	24.71161	22.21324	25.68414	25.66893	24.82134	19.84156	24.80931	22.9776123.748123.737535
26.07621	25.70688	26.7964	24.06012	27.4345	24.29732	22.71015	26.72387	24.02798	23.4233225.125672.630755
25.13004	25.19352	26.34645	25.69095	24.91002	25.86332	22.99413	24.17906	25.04085	24.3738524.972220.9090669
27.75068	26.62197	24.41044	28.18229	24.31686	22.86638	25.5657	24.88712	24.14991	26.959425.571083.035999
22.8227	24.56435	26.72877	23.67429	26.41083	21.44683	23.47402	25.00535	26.51404	23.309224.395043.123559
25.39833	25.79641	25.67701	24.61092	30.09868	23.98187	24.9715	28.93265	22.63833	22.3866425.449236.032368
23.09526	27.10399	18.72209	24.67669	21.44192	27.8134	26.48041	22.09664	25.04835	27.3726624.385148.957676
22.65993	24.6869	25.27525	25.4444	25.49329	26.96991	26.7456	24.42816	25.31789	23.8440725.086541.634172
20.07319	23.07344	27.81859	26.447	24.04085	24.79433	19.24606	26.73178	26.45403	23.0013624.168068.253342
23.12423	27.60739	25.19036	26.60226	26.89165	25.90606	26.85802	28.34289	27.49586	26.444426.446312.149369
25.99287	23.51842	21.33396	25.38166	26.02489	27.90038	26.83692	22.36644	24.57905	21.641324.557595.11552
21.41534	23.51754	26.06333	24.58096	24.24913	28.15064	24.92723	26.7266	20.75915	23.9678224.435775.077467
23.69879	26.64404	27.3361	27.59745	20.91205	28.47871	23.32141	26.58519	27.84512	25.5123625.793125.86779
22.24285	28.95847	24.46254	21.42883	24.25904	20.61116	28.29926	26.6947	26.44629	27.3880125.079128.623698
22.05807	20.24363	26.59878	25.69555	27.867	25.02756	23.19628	26.68859	21.20932	28.6731424.725798.416933
24.64759	28.37231	24.32522	27.97118	22.75302	24.68039	22.56593	23.9025	32.12661	23.0779625.442279.509661
23.89716	24.65581	23.84085	25.35864	21.32042	26.30865	26.88061	27.18502	21.74731	25.6896624.688424.050513
21.20796	22.02335	22.02258	22.86339	25.35043	25.38246	25.14796	24.88323	21.30458	20.6143723.080033.666873
27.72423	21.97331	25.91774	24.36489	25.54176	25.45036	25.29674	25.27344	23.50955	26.4681925.152022.514778
24.17469	28.53825	27.18865	22.04517	24.08882	28.2318	23.8168	24.69575	28.02648	21.3220325.212846.858095
26.94389	24.24428	23.09479	22.08194	23.97409	27.25189	27.67192	20.48213	28.12088	21.8816224.574747.536031
29.23484	22.12983	26.54579	22.18943	21.92415	23.55035	25.337	25.59987	28.21919	22.3482724.707877.22642
27.55647	24.52913	22.71813	25.691	24.69071	27.72357	23.3133	25.09435	27.39914	24.6679125.338373.058914
23.97655	24.29608	26.26483	27.98844	27.68914	26.41919	22.56295	24.81823	22.50482	27.7918725.431214.383607
28.0615	26.00108	23.39268	25.44319	24.50519	22.82707	24.20853	23.22833	27.46092	26.1685525.12973.23777
28.17015	24.83158	21.74265	23.37234	24.96813	24.90629	23.15354	20.67425	22.21408	22.6421423.667514.559434
25.31067	26.96026	23.81669	24.58935	27.85605	24.13935	25.91715	25.85786	24.33565	23.5845325.236761.985243
25.1429	26.93896	19.67258	24.9358	26.63494	28.75011	27.63093	25.75524	28.64411	27.7264726.183217.011952
23.88114	22.50765	24.36602	22.83442	24.53805	24.6953	25.10848	26.84939	26.16862	24.3199624.52691.764834
26.23349	22.10247	23.99058	23.76301	27.87168	23.71713	26.46899	24.81817	23.90112	27.3378825.020453.46873
23.75801	26.45857	24.74556	27.32957	29.01371	22.77168	20.96623	26.96832	28.07586	21.9702725.205787.622141
25.61622	22.82483	24.05909	26.10769	25.64619	23.37566	25.87821	24.53219	24.63785	21.8089124.448682.060466
28.69202	25.13746	22.62409	25.68746	25.6008	27.50113	25.44149	27.58719	22.55869	26.1047125.69353.960377
21.26175	25.19392	24.65273	21.41453	26.45958	26.66243	26.73907	28.02536	23.16189	26.8555625.042685.651442
20.77196	30.45884	22.93808	24.57646	24.03005	28.6699	24.00097	26.2671	29.5453	23.2203525.447910.10439
28.70279	26.33664	25.27986	25.55085	25.48193	22.54097	27.46458	25.83635	27.20993	19.5353425.393926.902923
25.61212	24.09908	28.94134	24.3249	23.67033	23.66222	24.60445	24.28325	27.29235	24.2129425.07033.025451
21.69045	22.19486	24.60134	23.97563	20.54331	23.32539	25.47695	24.96901	25.90742	23.9364523.662082.997701
21.73467	26.83692	28.3204	30.42894	20.74181	23.09349	26.73197	22.81031	21.73374	25.1172324.7549510.46425
22.56685	25.15755	29.85687	21.86043	23.11631	25.02288	23.18505	25.72561	26.65154	23.3045824.644775.67784
27.66103	25.36245	25.82474	24.36918	26.59263	22.71869	26.78729	25.7603	24.97417	29.6574125.970793.563525
22.9954	25.08014	25.8854	24.40869	27.65011	22.15975	18.6267	28.98962	21.6158	24.4464724.185819.101629
26.07744	23.76321	21.46569	23.78421	26.21399	23.88633	26.74823	29.48986	23.92105	24.3932924.974334.901644
