22.67925  28.21436  26.82266  23.93707  26.59727  25.84034  25.35608  21.07978  27.49202  28.62212  25.66409   5.982437 
28.21436  26.82266  23.93707  26.59727  25.84034  25.35608  21.07978  27.49202  28.62212  27.87439  25.07205   8.491294 
26.82266  23.93707  26.59727  25.84034  25.35608  21.07978  27.49202  28.62212  27.87439  26.3605  25.61757   7.578553 
23.93707  26.59727  25.84034  25.35608  21.07978  27.49202  28.62212  27.87439  26.3605  25.36839  24.76557   6.125285 
26.59727  25.84034  25.35608  21.07978  27.49202  28.62212  27.87439  26.3605  25.36839  18.72529  25.42907   3.695359 
25.84034  25.35608  21.07978  27.49202  28.62212  27.87439  26.3605  25.36839  18.72529  25.27371  24.35431   5.607307 
25.35608  21.07978  27.49202  28.62212  27.87439  26.3605  25.36839  18.72529  25.27371  25.47702  23.99852   2.46982 
21.07978  27.49202  28.62212  27.87439  26.3605  25.36839  18.72529  25.27371  25.47702  23.36589  25.47237   3.926678 
27.49202  28.62212  27.87439  26.3605  25.36839  18.72529  25.27371  25.47702  23.36589  22.74254  23.40984   4.491774 
28.62212  27.87439  26.3605  25.36839  18.72529  25.27371  25.47702  23.36589  22.74254  26.4476  24.56759   1.495769 
27.87439  26.3605  25.36839  18.72529  25.27371  25.47702  23.36589  22.74254  26.4476  29.08513  25.88603   4.447862 
26.3605  25.36839  18.72529  25.27371  25.47702  23.36589  22.74254  26.4476  29.08513  26.58585  23.42351   6.555635 
25.36839  18.72529  25.27371  25.47702  23.36589  22.74254  26.4476  29.08513  26.58585  27.303  24.63023   7.434756 
18.72529  25.27371  25.47702  23.36589  22.74254  26.4476  29.08513  26.58585  27.303  28.28919  25.58859   2.720043 
25.27371  25.47702  23.36589  22.74254  26.4476  29.08513  26.58585  27.303  28.28919  24.43768  24.83091   4.896389 
25.47702  23.36589  22.74254  26.4476  29.08513  26.58585  27.303  28.28919  24.43768  20.1241  24.35215   4.19813 
23.36589  22.74254  26.4476  29.08513  26.58585  27.303  28.28919  24.43768  20.1241  26.68902  24.7458   4.89249 
22.74254  26.4476  29.08513  26.58585  27.303  28.28919  24.43768  20.1241  26.68902  23.09539  25.57261   9.027492 
26.4476  29.08513  26.58585  27.303  28.28919  24.43768  20.1241  26.68902  23.09539  28.10699  25.73838   2.927596 
29.08513  26.58585  27.303  28.28919  24.43768  20.1241  26.68902  23.09539  28.10699  23.32619  25.66906   10.60398 
26.58585  27.303  28.28919  24.43768  20.1241  26.68902  23.09539  28.10699  23.32619  28.2183  23.25538   9.607937 
27.303  28.28919  24.43768  20.1241  26.68902  23.09539  28.10699  23.32619  28.2183  25.52578  23.28706   5.328938 
28.28919  24.43768  20.1241  26.68902  23.09539  28.10699  23.32619  28.2183  25.52578  26.88764  26.04211   5.329257 
24.43768  20.1241  26.68902  23.09539  28.10699  23.32619  28.2183  25.52578  26.88764  26.00977  24.66884   3.712565 
20.1241  26.68902  23.09539  28.10699  23.32619  28.2183  25.52578  26.88764  26.00977  24.85924  24.79505   9.075961 
26.68902  23.09539  28.10699  23.32619  28.2183  25.52578  26.88764  26.00977  24.85924  25.94713  24.44208   4.229379 
23.09539  28.10699  23.32619  28.2183  25.52578  26.88764  26.00977  24.85924  25.94713  22.46969  24.46644   8.54722 
28.10699  23.32619  28.2183  25.52578  26.88764  26.00977  24.85924  25.94713  22.46969  21.33103  24.73359   4.980231 
23.32619  28.2183  25.52578  26.88764  26.00977  24.85924  25.94713  22.46969  21.33103  29.20667  25.17545   7.67003 
28.2183  25.52578  26.88764  26.00977  24.85924  25.94713  22.46969  21.33103  29.20667  21.74834  24.18738   5.882865 
25.52578  26.88764  26.00977  24.85924  25.94713  22.46969  21.33103  29.20667  21.74834  23.67037  23.97775   2.761981 
26.88764  26.00977  24.85924  25.94713  22.46969  21.33103  29.20667  21.74834  23.67037  24.83252  25.36468   2.074311 
26.00977  24.85924  25.94713  22.46969  21.33103  29.20667  21.74834  23.67037  24.83252  27.3418  24.40832   3.32968 
24.85924  25.94713  22.46969  21.33103  29.20667  21.74834  23.67037  24.83252  27.3418  21.2171  24.0146   9.410684 
25.94713  22.46969  21.33103  29.20667  21.74834  23.67037  24.83252  27.3418  21.2171  26.9953  25.08925   11.29339 
22.46969  21.33103  29.20667  21.74834  23.67037  24.83252  27.3418  21.2171  26.9953  25.43949  25.63737   7.368607 
21.33103  29.20667  21.74834  23.67037  24.83252  27.3418  21.2171  26.9953  25.43949  26.71408  24.60202   0.964385 
29.20667  21.74834  23.67037  24.83252  27.3418  21.2171  26.9953  25.43949  26.71408  23.90823  24.33368   3.096117 
21.74834  23.67037  24.83252  27.3418  21.2171  26.9953  25.43949  26.71408  23.90823  27.55911  25.42385   1.870723 
23.67037  24.83252  27.3418  21.2171  26.9953  25.43949  26.71408  23.90823  27.55911  25.57933  26.06179   7.905877 
24.83252  27.3418  21.2171  26.9953  25.43949  26.71408  23.90823  27.55911  25.57933  24.70376  26.53962   4.544656 
27.3418  21.2171  26.9953  25.43949  26.71408  23.90823  27.55911  25.57933  24.70376  21.61523  24.59647   3.368351 
21.2171  26.9953  25.43949  26.71408  23.90823  27.55911  25.57933  24.70376  21.61523  26.58776  24.52294   6.441653 
26.9953  25.43949  26.71408  23.90823  27.55911  25.57933  24.70376  21.61523  26.58776  24.0368  25.11823   3.632084 
25.43949  26.71408  23.90823  27.55911  25.57933  24.70376  21.61523  26.58776  24.0368  26.96997  25.8953   4.872566 
26.71408  23.90823  27.55911  25.57933  24.70376  21.61523  26.58776  24.0368  26.96997  28.16989  23.99919   5.482699 
23.90823  27.55911  25.57933  24.70376  21.61523  26.58776  24.0368  26.96997  28.16989  22.53115  24.50137   4.728754 
27.55911  25.57933  24.70376  21.61523  26.58776  24.0368  26.96997  28.16989  22.53115  24.39663  25.10801   7.03068 
25.57933  24.70376  21.61523  26.58776  24.0368  26.96997  28.16989  22.53115  24.39663  21.021  25.32821   3.495794 
24.70376  21.61523  26.58776  24.0368  26.96997  28.16989  22.53115  24.39663  21.021  23.12881  24.88424   10.73744 
21.61523  26.58776  24.0368  26.96997  28.16989  22.53115  24.39663  21.021  23.12881  25.08588  25.03259   2.670244 
26.58776  24.0368  26.96997  28.16989  22.53115  24.39663  21.021  23.12881  25.08588  22.08188  24.41875   6.634166 
24.0368  26.96997  28.16989  22.53115  24.39663  21.021  23.12881  25.08588  22.08188  24.51123  25.16165   2.500542 
26.96997  28.16989  22.53115  24.39663  21.021  23.12881  25.08588  22.08188  24.51123  26.75933  24.79178   9.714105 
28.16989  22.53115  24.39663  21.021  23.12881  25.08588  22.08188  24.51123  26.75933  25.17713  25.9314   6.48213 
22.53115  24.39663  21.021  23.12881  25.08588  22.08188  24.51123  26.75933  25.17713  22.85578  25.87306   6.273048 
24.39663  21.021  23.12881  25.08588  22.08188  24.51123  26.75933  25.17713  22.85578  24.73253  25.20374   3.608403 
21.021  23.12881  25.08588  22.08188  24.51123  26.75933  25.17713  22.85578  24.73253  21.39555  25.21213   8.431895 
23.12881  25.08588  22.08188  24.51123  26.75933  25.17713  22.85578  24.73253  21.39555  23.56066  24.37633   8.340683 
25.08588  22.08188  24.51123  26.75933  25.17713  22.85578  24.73253  21.39555  23.56066  24.29541  25.4199   5.088164 
22.08188  24.51123  26.75933  25.17713  22.85578  24.73253  21.39555  23.56066  24.29541  24.61566  24.14387   5.321018 
24.51123  26.75933  25.17713  22.85578  24.73253  21.39555  23.56066  24.29541  24.61566  26.9793  24.87535   4.061014 
26.75933  25.17713  22.85578  24.73253  21.39555  23.56066  24.29541  24.61566  26.9793  23.12019  24.66148   5.056302 
25.17713  22.85578  24.73253  21.39555  23.56066  24.29541  24.61566  26.9793  23.12019  26.43866  24.49845   10.65003 
22.85578  24.73253  21.39555  23.56066  24.29541  24.61566  26.9793  23.12019  26.43866  21.57168  26.19021   6.395565 
24.73253  21.39555  23.56066  24.29541  24.61566  26.9793  23.12019  26.43866  21.57168  26.16525  26.2312   4.169282 
21.39555  23.56066  24.29541  24.61566  26.9793  23.12019  26.43866  21.57168  26.16525  25.76851  25.9766   3.603015 
23.56066  24.29541  24.61566  26.9793  23.12019  26.43866  21.57168  26.16525  25.76851  24.68393  25.37336   4.193327 
24.29541  24.61566  26.9793  23.12019  26.43866  21.57168  26.16525  25.76851  24.68393  28.65325  25.97412   5.884695 
24.61566  26.9793  23.12019  26.43866  21.57168  26.16525  25.76851  24.68393  28.65325  25.69032  24.55589   7.520219 
26.9793  23.12019  26.43866  21.57168  26.16525  25.76851  24.68393  28.65325  25.69032  25.65262  24.21659   3.95824 
23.12019  26.43866  21.57168  26.16525  25.76851  24.68393  28.65325  25.69032  25.65262  24.6158  24.36365   1.060564 
26.43866  21.57168  26.16525  25.76851  24.68393  28.65325  25.69032  25.65262  24.6158  22.39381  25.19339   4.323957 
21.57168  26.16525  25.76851  24.68393  28.65325  25.69032  25.65262  24.6158  22.39381  22.07555  25.96418   4.700742 
26.16525  25.76851  24.68393  28.65325  25.69032  25.65262  24.6158  22.39381  22.07555  24.3393  25.70566   7.99738 
25.76851  24.68393  28.65325  25.69032  25.65262  24.6158  22.39381  22.07555  24.3393  27.49272  25.61992   2.210056 
24.68393  28.65325  25.69032  25.65262  24.6158  22.39381  22.07555  24.3393  27.49272  21.51646  23.93676   6.816511 
28.65325  25.69032  25.65262  24.6158  22.39381  22.07555  24.3393  27.49272  21.51646  19.93823  25.47646   5.093168 
25.69032  25.65262  24.6158  22.39381  22.07555  24.3393  27.49272  21.51646  19.93823  23.60668  25.36903   6.009637 
25.65262  24.6158  22.39381  22.07555  24.3393  27.49272  21.51646  19.93823  23.60668  23.03424  25.29324   4.730779 
24.6158  22.39381  22.07555  24.3393  27.49272  21.51646  19.93823  23.60668  23.03424  25.08568  25.13386   2.657271 
22.39381  22.07555  24.3393  27.49272  21.51646  19.93823  23.60668  23.03424  25.08568  25.91387  25.53454   4.233521 
22.07555  24.3393  27.49272  21.51646  19.93823  23.60668  23.03424  25.08568  25.91387  24.81488  24.67642   3.949506 
24.3393  27.49272  21.51646  19.93823  23.60668  23.03424  25.08568  25.91387  24.81488  22.59117  23.65759   4.556406 
27.49272  21.51646  19.93823  23.60668  23.03424  25.08568  25.91387  24.81488  22.59117  24.69541  24.94593   11.2758 
21.51646  19.93823  23.60668  23.03424  25.08568  25.91387  24.81488  22.59117  24.69541  25.30642  25.59177   9.613855 
19.93823  23.60668  23.03424  25.08568  25.91387  24.81488  22.59117  24.69541  25.30642  26.40294  24.16747   6.660634 
23.60668  23.03424  25.08568  25.91387  24.81488  22.59117  24.69541  25.30642  26.40294  24.63944  24.95061   8.141412 
23.03424  25.08568  25.91387  24.81488  22.59117  24.69541  25.30642  26.40294  24.63944  24.85063  25.04876   1.878524 
25.08568  25.91387  24.81488  22.59117  24.69541  25.30642  26.40294  24.63944  24.85063  23.44359  25.53904   4.872611 
25.91387  24.81488  22.59117  24.69541  25.30642  26.40294  24.63944  24.85063  23.44359  23.01753  25.72312   3.067513 
24.81488  22.59117  24.69541  25.30642  26.40294  24.63944  24.85063  23.44359  23.01753  24.65117  24.14561   6.093241 
22.59117  24.69541  25.30642  26.40294  24.63944  24.85063  23.44359  23.01753  24.65117  27.60758  24.01016   4.771657 
24.69541  25.30642  26.40294  24.63944  24.85063  23.44359  23.01753  24.65117  27.60758  26.09806  25.16946   3.796159 
25.30642  26.40294  24.63944  24.85063  23.44359  23.01753  24.65117  27.60758  26.09806  26.4923  25.09012   5.166653 
26.40294  24.63944  24.85063  23.44359  23.01753  24.65117  27.60758  26.09806  26.4923  24.71592  24.75019   6.44157 
24.63944  24.85063  23.44359  23.01753  24.65117  27.60758  26.09806  26.4923  24.71592  25.21734  25.38767   8.085054 
24.85063  23.44359  23.01753  24.65117  27.60758  26.09806  26.4923  24.71592  25.21734  28.90244  25.7021   6.750159 
23.44359  23.01753  24.65117  27.60758  26.09806  26.4923  24.71592  25.21734  28.90244  23.59954  24.36614   7.571064 
23.01753  24.65117  27.60758  26.09806  26.4923  24.71592  25.21734  28.90244  23.59954  28.86754  24.37565   4.856178 

 
 La media de los datos es  24.96256 
La varianza de los datos es  5.493731 
